00000111
00000111
00000111
00000111
00000111
00000111
00000001
01010011
01011011
01010111
01010011
01010011
00000011
11010111
01010011
01010011
01010011
01010011
01010011
01010011
01010011
01010011
01010011
01010011
01010011
01010011
01010011
01010011
01010011
01000011
01010011
01010011
01010011
01010011
01010011
00000001
00000110
11000111
00000010
00000001
00000001
01010011
11110111
01010011
01010011
01010011
00010111
01010011
00010011
00010011
01010111
01010011
01010011
01010011
00010111
01010011
01010011
01010011
01010111
00010011
00010111
00010111
00010111
00010111
01010111
00010011
01010111
00010111
01010011
01010011
01010011
01010011
01010011
00010011
01010011
01010011
01010011
01010011
01010011
01010011
01010011
01010011
01010011
00010011
00010011
01010011
01010111
00010111
01010011
01010011
01010111
00010111
01010011
01010011
01010011
01010011
00010111
01010011
01010111
01010111
00010111
00010111
01011111
01010011
01000111
00000011
01000111
01000111
00000001
00000001
00000001
00000001
00000001
00000001
00000001
00000011
00000001
00000001
00000001
00000001
00000001
00000001
00000001
00000001
00000001
00000001
00000001
00000001
00000001
00000001
00000011
00010001
00010001
00000011
00000011
00000001
00010011
00000001
00000011
00000011
00000011
00000011
00000001
00000001
00000001
00000001
00000001
00000001
00000011
00000011
00000011
00000001
00000011
00000011
00000011
00100011
00000011
00000011
00000011
00000001
00000011
00000011
00000011
00000011
00000001
00000001
00000001
00000011
00000011
00000011
00000011
00000011
00000001
00000011
00000001
00000011
00000011
00000001
00000011
00000011
00000011
00000011
00000011
00000011
00000011
00000011
00000011
00000011
00000011
00000011
00000001
00000011
00000001
00000011
00000001
00000011
00000011
00000011
00000011
00000011
00000011
00100011
00000011
00000011
00000011
00000011
00000001
00000011
00000001
00000011
00000001
00000011
00000001
00000011
00000001
00000011
00000011
00000011
00000011
00000001
00000011
00100011
00000011
00000011
00000011
00000011
00000011
00000011
00000001
00000001
00000001
00000001
00000011
00000011
00000011
00000011
00000011
00000001
00000011
00000011
00000011
00000001
00000001
00000001
00000011
00000011
00000011
00000010
00000001
00000011
00000011
00000011
00000001
00000011
00000011
00000001
00000011
00000011
00000011
00000011
00000011
00000011
00000011
00000011
00000001
00000011
00000011
00000011
00000011
00000011
00000011
00000011
00000001
00000001
00000001
00000011
00000011
00010011
00000001
00000011
00000011
00000011
00000011
00000011
00000001
00000011
00100001
00000011
00010011
00010011
00000011
00000011
00100011
00010011
00010011
00010011
00000011
00010011
00000011
00000011
00000011
00000011
00000011
00000011
00000011
00100111
00100111
00100111
00000001
00000001
00000011
00011001
00000001
00100111
00000001
00000011
00000001
00000011
00000001
00000011
00000001
00000011
00000011
00000001
00000011
00000011
00000011
00000011
00000011
00000011
00000011
00000011
00000011
00010011
00010011
00100001
00000001
00010111
10010111
00000011
10010011
00000001
11010011
01010011
00000111
00000011
00000001
00000100
00000001
00000001
00000001
00000001
00000001
00000111
00000011
00000001
00000001
00000001
00000011
00000001
00000001
00000001
00000001
00000011
00000001
00000001
00000010
00100011
00000001
00000001
00000011
00000001
00000001
00000001
00000001
00000001
00000011
00010011
00000011
00000001
00000011
00000011
00000011
00000011
00000011
00000001
00000001
00000001
00000001
00000011
00000011
00000011
00000011
00000011
00000001
00000001
00000001
00000001
00000011
00000001
00000011
00000011
00000011
00000011
00010011
00000011
00000011
00000011
00010001
00000011
00000011
00000011
00000011
00000001
00000001
00000001
00000001
00000001
00000001
00000111
00000001
00000011
00000001
00000011
00000110
00000001
00000011
00000001
00000001
00000001
00000011
00000001
00000001
00000011
00000111
00010001
00000001
00000011
00000001
00000011
00000001
00000111
00000001
00000001
00000011
00000011
00000011
00000011
00000011
00000011
00000011
00000011
00000011
00000011
00000101
00000011
00000111
00000111
00000011
00000011
00000011
00000001
00000011
00000011
00000011
00000011
00000011
00000011
