01010011
01010111
00000011
11010111
01010011
01010011
00000001
11000111
01010011
01010011
00000011
00010001
00010001
00000011
00000011
00000011
00000011
00000001
00000001
00000001
00000001
00000001
00000001
00000011
00000011
00000001
00000011
00000011
00000011
00000011
00000001
00000001
00000001
00000011
00000011
00000011
00000011
00000011
00000001
00000011
00000001
00000011
00000011
00000001
00000011
00000011
00000011
00000011
00000011
00000011
00000011
00000011
00000011
00000011
00000011
00000011
00000001
00000011
00000001
00000011
00000001
00000011
00000011
00000011
00000011
00000011
00000011
00100011
00000011
00000011
00000011
00000011
00000001
00000011
00000011
00000011
00000011
00000011
00000011
00000011
00000011
00100011
00000011
00000011
00000001
00000001
00000001
00000011
00000001
00000001
00000001
00000001
00000011
00000001
00000001
00000010
00100011
00000001
00000001
00000011
00000001
00000001
00000001
00000001
00000001
00000011
00000011
00000011
00000011
00000011
00000011
00000001
00000001
00000001
00000001
00000011
00000011
00000011
00000011
00000011
00000001
00000001
00000001
00000001
00000011
00000001
00000011
00000011
00000011
00000011
00010011
00000011
00000011
00000011
00010001
00000011
00000011
00000011
00000011
00000001
00000001
00000001
00000001
00000001
00000001
00000111
00000001
00000011
00000001
00000001
00000011
00000011
00000001
00000001
00000011
00000011
00000011
