01011011
01010011
01010011
01010011
01010011
01010011
01010011
01010011
01010011
01010011
01010011
01010011
01010011
01010011
01010011
01010011
01000011
01010011
01010011
01010011
01010011
01010011
00000001
01010011
11110111
01010011
01010011
01010011
00010111
01010011
00010011
00010011
01010111
01010011
01010011
01010011
00010111
01010011
01010011
01010011
01010111
00010011
00010111
00010111
00010111
00010111
01010111
00010011
01010111
00010111
01010011
01010011
01010011
01010011
01010011
00010011
01010011
01010011
01010011
01010011
01010011
00010011
00010011
01010011
01010111
00010111
01010011
01010011
01010111
00010111
01010011
01010011
01010011
01010011
00010111
01010011
01010111
01010111
00010111
00010111
01011111
00000011
01000111
01000111
00000001
00000001
00000001
00000001
00000001
00000001
00000001
00000011
00000001
00000001
00000001
00000001
00000001
00000001
00000001
00000001
00000001
00000001
00000001
00000001
00000001
00000001
00000011
00000001
00010011
00000001
00000011
00000011
00000001
00000011
00000011
00000011
00000001
00000011
00000001
00000011
00000001
00000011
00000001
00000011
00000001
00000011
00000011
00000011
00000011
00000001
00000011
00100011
00000011
00000011
00000011
00000011
00000011
00000011
00000001
00000001
00000001
00000001
00000011
00000011
00000011
00000011
00000011
00000001
00000011
00000011
00000011
00000001
00000001
00000001
00000011
00000011
00000011
00000010
00000001
00000011
00000011
00000011
00000001
00000001
00000001
00000011
00000011
00000011
00000011
00100111
00100111
00100111
00000001
00000001
00000011
00011001
00000001
00100111
00000001
00000011
00000001
00000011
00000001
00000011
00000001
00000011
00000011
00000001
00000011
