00000000 01000011
00000000 00100001
00000000 00000100
00000000 00000010
00000000 00000001
00000001 00011001
00000001 00010001
00000001 00010011
00000010 00000011
00000010 00000110
00000011 00000111
00000100 00000101
00010011 00010111
00010011 10010011
00100001 00100111
00100001 00100011
01000011 11000111
01000011 01000111
01000011 01010011
01010011 01011011
01010011 01010111
01010011 01010111
01010011 01011111
01010011 01010111
01010011 01010111
01010011 01010111
01010011 01010111
01010011 01010111
01010011 01010111
01010011 01010111
01010011 11010011
10010011 10010111
11010011 11010111
11010111 11110111
